20 30
54 97 66 61 23 53 38  0 34  8 15  4 12 43 62 47 75 48 86 50 94  1 68 92 28 40 22 59 55 26
69 30 72 80 57 81 83 38  5 92 58 79 35  6 39 60 43 73  2 77 51 31 19 89 75 45 44 62 41 95
20 12 56 96 79 46 37 85 34 91 51 26 89 21 83 40 33 24 64 42 87 76 80 28 94 39  5  4 98 61
14 38 73  1 48 57 78 72  6 36 44 70 30 56  2 11 81 95 29 99 26 34 66 84 89 27 90 51 71 19
13 21 77 65 74  5 26 84 47 80 58 12  8 86 64 34 98 75 91 30 37 36  4  3 95 87 76 33 49 79
18 55 32 41  6 97 31  9  0 90 46  5 17 69 39 29 88 40  7 53 93 62 22 81 70 84 85 24 52 20
77 13 91 86 92 61 44 66 73 14 59 11 82  7 38 30  0 69 78 95 70 88 90 23 71 56 35 42 76 49
58 23  9 50  3 33 26  2 55 19 17 94 29 62 45 16  6 61 40 59 83 63 13  7  8 12 36 73 98 31
62 43 53 86 63 80 47 18 91 95 33 74 22 27  9 52  3 44 56  5 32  4 66 19 65  0 21 41 99 24
28 20 97 67 34 92 18 12 37 14 25 48 64 75 89 84 54 55 71 88  6  5 79 43 68 72 23 38  1 85
57 46 74 81 99 36  9 15 60  3 86 67 90 30 58 95  4 27 47 68 53 17 40 20 63 91 88 11 10 29
66 93 31 79  2  8 19 76 62 96 83  5 59 21 50 89 44 73 26 32 46 18 87 42 65 39 35 22 33  1
37 82 97 25 60 16 13  1 68 36  7 45  2 98 24 14 77 52 10 15 49  0 17  6 11 57 85 34 75 95
73 56 91 39 55 63 20 59 35 26 22 53 72 10 12 28 58 25  5 42 88 27 83 80 66 67  7  6 97 86
85 84 65 18  0 74 94 40 13 87 71 41 33 51 64 19 37 50 32 11 76 17 68 21 90  3 62 79 16 45
 6 99 28 89 57  2 83 44 12 24 38 75 69  4 47 60 78 96 29  1 80 19 61 91 23 35 53 17 43 30
98 87 49 31 84 27 90 34 65 81  6 22 26 99 70 38 36 63 33 67  5 92  3 15 62 74 82 32 58  8
 4 10  0 94 58 70 30 45 73  9 48 20 19 13 16  1 18 14 56 25 77 89 43 31 93  6  7 40 85 46
61 71 10  6 42 32 55 79  2 27 84 23 66 59 17 51 24 20 88 35 29 12 73  4 50 19 41 94  8  3
67 16 95 36 41  7 85 21 97 60 15  0  8  2 87 74 93 46 82 26 48 31 13 69 64  9  5 39 33 44
